[gd_scene load_steps=10 format=2]

[ext_resource path="res://assets/Steve-ball.tscn" type="PackedScene" id=1]
[ext_resource path="res://scripts/Steve-ball.gd" type="Script" id=2]

[sub_resource type="BoxShape" id=1]
extents = Vector3( 1, 0.985944, 1 )

[sub_resource type="CubeMesh" id=2]

[sub_resource type="BoxShape" id=3]
extents = Vector3( 30.0087, 1, 29.9252 )

[sub_resource type="SpatialMaterial" id=4]
albedo_color = Color( 0.380392, 0.835294, 0.537255, 1 )

[sub_resource type="CubeMesh" id=5]
material = SubResource( 4 )
size = Vector3( 60, 2, 60 )

[sub_resource type="SphereShape" id=6]

[sub_resource type="SphereMesh" id=7]

[node name="Level" type="Spatial"]
transform = Transform( 0.999985, 0, -0.00555015, 0, 1, 0, 0.00555015, 0, 0.999985, 0, 0, 0 )

[node name="box-redged-body" type="RigidBody" parent="."]
transform = Transform( 0.999993, -0.00354421, -0.00127898, 0.00354421, 0.769556, 0.63857, -0.00127898, -0.63857, 0.769563, 0.00963663, 13.9351, 1.73626 )

[node name="CollisionShape" type="CollisionShape" parent="box-redged-body"]
shape = SubResource( 1 )

[node name="MeshInstance" type="MeshInstance" parent="box-redged-body"]
mesh = SubResource( 2 )
material/0 = null

[node name="Floor-static-body" type="StaticBody" parent="."]
transform = Transform( 1, 0, 0, 0, 1, 0, 0, 0, 1, 0.00421327, -3.87654, 0.759115 )

[node name="CollisionShape" type="CollisionShape" parent="Floor-static-body"]
transform = Transform( 1, 0, 0, 0, 1, 0, 0, 0, 1, 0, 2.80767, 0 )
shape = SubResource( 3 )

[node name="MeshInstance" type="MeshInstance" parent="Floor-static-body"]
transform = Transform( 1, 0, 0, 0, 1, 0, 0, 0, 1, 0.0457364, 2.72192, 0.043613 )
mesh = SubResource( 5 )
material/0 = null

[node name="box-redged-body2" type="RigidBody" parent="."]
transform = Transform( 0.999983, -0.00500166, -0.00314436, 0.00500166, 0.433455, 0.901162, -0.00314436, -0.901162, 0.433472, 0.490767, 29.4222, 1.48769 )

[node name="CollisionShape" type="CollisionShape" parent="box-redged-body2"]
transform = Transform( 1, 0, 2.32831e-10, -2.32831e-10, 1, 0, 3.49246e-10, 0, 1, 0, 0, 0 )
shape = SubResource( 1 )

[node name="MeshInstance" type="MeshInstance" parent="box-redged-body2"]
transform = Transform( 1, 0, 2.32831e-10, -2.32831e-10, 1, 0, 3.49246e-10, 0, 1, 0, 0, 0 )
mesh = SubResource( 2 )
material/0 = null

[node name="box-redged-body3" type="RigidBody" parent="."]
transform = Transform( 0.999984, -0.00500166, -0.00314436, 0.00500166, 0.433455, 0.901162, -0.00314436, -0.901163, 0.433472, 1.24867, 16.3467, -3.90814 )

[node name="CollisionShape" type="CollisionShape" parent="box-redged-body3"]
transform = Transform( 1, -6.98492e-10, 1.16415e-10, -4.65661e-10, 1, -5.96046e-08, 0, 0, 1, 0.0241024, -0.0523806, 0.0250597 )
shape = SubResource( 1 )

[node name="MeshInstance" type="MeshInstance" parent="box-redged-body3"]
mesh = SubResource( 2 )
material/0 = null

[node name="Steve-ball" parent="." instance=ExtResource( 1 )]
transform = Transform( 1, 0, 0, 0, 1, 0, 0, 0, 1, 0, 0.930328, 0 )
script = ExtResource( 2 )

[node name="Camera" type="Camera" parent="Steve-ball"]
transform = Transform( 0.999368, 0.020882, 0.0287552, -0.0314996, 0.895119, 0.444714, -0.0164528, -0.445338, 0.895211, 1.25616, 4.56034, 7.03332 )
fov = 88.0073

[node name="box-redged-body4" type="RigidBody" parent="."]
transform = Transform( 0.999969, -0.00553443, -0.00596745, 0.00553444, -0.0752058, 0.997153, -0.00596746, -0.997155, -0.0751719, -9.75116, 1.15069, -3.84709 )

[node name="CollisionShape" type="CollisionShape" parent="box-redged-body4"]
transform = Transform( 1, 0.000555383, -2.78557e-05, -0.000555384, 0.994981, -0.100065, -2.78591e-05, 0.100065, 0.994981, 0.0240984, -0.0523806, 0.0250592 )
shape = SubResource( 1 )

[node name="MeshInstance" type="MeshInstance" parent="box-redged-body4"]
transform = Transform( 1, 0.000542274, -2.65532e-05, -0.000542274, 0.995216, -0.0977028, -2.65561e-05, 0.0977032, 0.995216, 0, 0, 0 )
mesh = SubResource( 2 )
material/0 = null

[node name="sphere" type="RigidBody" parent="."]
transform = Transform( -0.00804544, 0.070268, -0.997497, 0.891787, -0.450782, -0.0389474, -0.45239, -0.889867, -0.0590365, -5.28805, 2.51243, -3.87187 )

[node name="CollisionShape" type="CollisionShape" parent="sphere"]
transform = Transform( 1, 0.000555366, -2.7854e-05, -0.000555366, 0.994981, -0.100065, -2.78614e-05, 0.100065, 0.994981, 0.0240984, -0.0523806, 0.0250592 )
shape = SubResource( 6 )

[node name="MeshInstance" type="MeshInstance" parent="sphere"]
transform = Transform( 1, 0.000542274, -2.65532e-05, -0.000542274, 0.995216, -0.0977028, -2.65561e-05, 0.0977032, 0.995216, 0, 0, 0 )
mesh = SubResource( 7 )
material/0 = null
